GENERATED
1101
1111
1011
1000
1000
1000
1000
1010
1000
1100
0111
1011
1000
0000
0010
0000
0000
1010
0000
0100
1001
1010
0010
0010
1000
0000
0100
1111
0011
0100
0001
1000
1000
1100
0001
0000
0110
1001
1000
0110
0111
0111
0001
0110
0011
0000
1000
0100
0011
1100
1101
1011
0010
1000
1100
0001
0010
0010
1100
0101
0001
1000
1010
0010
0000
0000
1000
1100
0001
0110
0001
0000
1000
1010
0000
0000
0010
0000
0000
1100
0001
0000
0000
1100
0011
0000
1010
0010
0000
0100
0011
0010
0010
0010
1010
0010
1010
1110
0011
0110
