GENERATED
1101000000
1001000000
1000000000
1100000000
1011000000
1010000000
1000000000
1010000000
1010000002
1100000000
1011000000
1010000000
1110000000
1001000000
1000000000
1100000000
1001000000
1100000000
1101000000
1101000000
0111000000
0101000002
0011000002
0100000001
1001000000
1010000002
0000000000
1110000000
1001000002
0000000000
1100000000
1101000000
1011000000
0100000002
0001000000
0000000000
0110000001
0001000000
0100000000
0101000000
1001000001
0000000000
1000000001
0000000000
0000000000
1000000000
0010000000
1000000000
0010000000
0000000000
0000000000
0000000000
1010000002
0000000000
0000000000
0100000000
1001000000
0100000000
0111000000
0101000000
0001000000
0110000000
0001000002
0100000000
0001000000
0000000002
1000000002
0010000000
1010000000
0000000000
0100000000
0101000002
1001000000
0010000000
0100000002
0001000000
0000000000
0000000000
1110000000
0111000000
0011000000
1000000000
0000000000
0000000000
0000000000
0010000000
0010000000
1110000000
1101000000
0011000000
0000000000
0010000001
0110000000
1001000000
0100000000
0001000000
0000000000
0000000000
1100000000
1101000002
1011000000
0000000000
0100000000
0011000000
0000000001
1010000000
1000000001
1100000001
0011000000
1000000000
0000000000
1010000000
1100000000
0011000000
0000000000
0000000002
0010000000
0000000000
0000000000
0100000000
1101000001
0011000000
0000000000
1100000000
0001000000
1010000000
0000000000
0110000000
1001000001
0100000000
0001000000
1110000000
0011000000
1110000000
0101000000
0001000000
1000000000
0010000000
0000000000
0100000000
0101000000
1001000000
0000000000
0110000000
0001000000
1010000000
0000000000
1000000000
0110000000
0101000000
0101000000
1001000000
1000000000
1000000000
0000000000
0000000000
0100000000
1001000000
0000000002
0110000000
0001000000
0000000000
0010000000
1000000000
0000000000
1100000000
0001000000
0000000000
1000000000
0000000000
0100000001
0011000000
0100000000
0011000000
0000000000
0000000000
0000000000
0000000000
0000000002
1100000000
0101000000
0011000000
1000000000
0000000000
0000000000
0100000002
0001000000
0010000000
0000000000
0010000000
0110000000
1101000000
0011000000
1000000000
0110000000
0001000000
0100000000
0001000000
0010000000
0110000000
0101000000
1111000000
0101000000
0001000000
0000000000
0000000002
0000000000
1100000000
0001000000
1100000001
1101000000
0111000000
1001000001
0000000000
1010000000
0000000000
0010000000
0100000001
1101000000
1101000000
0001000000
1010000000
0000000000
0000000002
0010000002
0000000000
0000000000
0010000002
0100000000
0001000000
0110000000
1101000000
0001000000
0000000000
1000000000
0000000000
1110000000
0011000000
0000000000
0110000000
0011000000
1010000000
0000000000
0100000002
1101000000
0111000002
0001000000
1100000000
0101000000
0101000000
1001000000
0000000000
0000000000
0110000000
0001000002
0110000000
1011000000
1000000000
0100000000
1101000000
1111000000
1011000000
0000000000
0110000000
0001000002
1010000002
0010000000
0100000000
0011000000
0100000000
0011000000
0000000000
0000000000
1000000000
0000000000
1000000000
1010000001
0110000000
0001000000
0100000000
1011000000
1000000000
0100000000
1011000002
0110000000
1001000001
1010000000
0000000000
1000000000
0010000000
1000000000
0100000000
0101000000
0101000000
0001000000
0000000000
1000000000
1000000000
0000000000
0100000000
1001000000
0000000000
0000000000
1110000000
1001000000
0100000001
1111000000
0011000000
0010000000
1100000000
0001000000
0010000000
0010000000
0010000000
0000000000
0000000002
0010000000
0000000000
0000000002
0110000000
0011000000
0100000000
0001000000
1000000000
0010000000
0010000002
1010000000
1100000000
1001000000
0010000000
0000000000
1100000000
1001000000
1000000002
0000000001
0000000000
1010000000
0010000002
0000000000
1110000000
1011000002
0000000000
0110000000
0011000000
1000000000
1010000000
1110000000
0001000000
0110000000
1001000001
0000000002
0010000000
0100000000
0011000000
0100000000
0011000000
1000000000
1100000000
0011000000
1100000000
1001000002
0000000000
1000000001
1100000000
0111000000
1011000000
1010000000
0000000000
1000000000
0110000000
0101000000
1101000000
0101000000
1001000000
0000000000
1000000002
0010000000
0110000002
1001000000
0100000000
0011000000
0110000000
0011000000
0010000000
1110000002
1011000000
1010000000
0010000002
0110000000
1111000002
0011000000
0010000000
0010000000
0010000000
0010000000
0010000000
1110000000
1011000000
0110000000
0111000000
