GENERATED
1011100000
1010100000
1100100000
1101100000
1001100000
1000100001
1010100000
1010100000
1000100000
1110100000
1001100000
1000100000
0100100000
0101100000
0011100000
0100100000
1001100000
1100100001
0001100000
1100100000
0101100000
0011100000
0100100000
0111100000
1001100000
0010100000
0110100001
0001100000
0010100000
0110100001
0111100000
1001100000
0000100000
1010100000
0000100000
1000100000
1100100000
0011100001
1010100000
1100100000
1101100000
0011100000
0000100000
1010100000
0010100000
0010100000
0010100000
1000100000
1000100000
0100100000
0101100000
1101100000
0011100000
1000100000
1100100000
1001100000
1000100000
0100100000
0111100000
0101100000
0001100000
0000100000
1000100000
0010100000
0000100000
0010100000
0000100000
0000100000
1000100000
0100100000
0111100000
0101100000
0011100000
1110100000
0111100000
1001100000
0000100000
0000100000
0000100000
0110100000
1101100000
0001100000
1100100000
1101100000
1011100000
0100100000
0101100000
0001100000
0000100000
1110100000
0011100000
0110100000
0011100000
0010100000
1010100000
0010100000
0010100000
0010100000
0110100000
1111100000
