87N
0000000000
0000000000
0000000000
0000000000
0000000000
0100000000
1111100001
1001100000
1000100000
1100100000
0000000000
0000000000
0000000000
0000000000
0000000000
1000100000
1100100000
0001100002
0000100000
0110100000
0000000000
0000000000
0000000000
0000000000
0000000000
0000100000
0000100000
0100100000
0011100000
1100100000
0000000000
0000000000
0000000000
0000000000
0000000000
0001100000
0000000000
0000100000
1010100000
0100100000
0000000000
0000000000
0000000000
0000000000
0000000000
0100100000
0000000000
0010100000
1100100000
0111100000
0000000000
0000000000
0000000000
0000000000
0000000000
0100100000
0000000000
0000000000
0010100000
1100100000
0000000000
0000000000
0000000000
0000000000
0000000000
0000000000
0000000000
0000000000
1001100000
0100100000
0000000000
0000000000
0000000000
0000000000
0000000000
0000000000
0000000000
0000000000
0101100000
0111100000
0000000000
0000000000
0000000000
0000000000
0000000000
0000000000
0000000000
1000100002
0010100000
1100100000
0000000000
0000000000
0000000000
0000000000
0000000000
0000000000
0000000000
0010100000
1010100000
0110100000
